   27 1.28268
   28 1.29848
   29 1.3278
   30 1.37162
   31 1.3976
   32 1.44461
   33 1.48151
   34 1.58075
   35 1.56696
   36 1.61188
   37 1.66011
   59 2.685
   60 2.72513
   61 2.77342
   62 2.8516
   63 2.93831
   64 2.94999
   65 2.9876
   66 3.05011
   67 3.09714
   68 3.14797
   69 3.25124
  123 4.07979
  124 4.0905
  125 4.11693
  126 4.21195
  127 4.60858
  128 4.4382
  129 5.0383
  130 5.00659
  131 5.17115
  132 5.16632
  133 5.19376
  251 5.49063
  252 5.4791
  253 5.52849
  254 5.46305
  255 5.40162
  256 5.73274
  257 5.38228
  258 5.43119
  259 5.49338
  260 5.50722
  261 5.54224
