10
1 6715 6948 6788 6763 6810 6663 6773 6690 6667 6878
2 116672 121505 124682 123021 122640 119301 122296 119623 122350 122899
3 186480 185834 183855 184285 185905 183860 181677 182814 187915 184231
4 253058 252498 249758 249793 252839 252113 249775 251420 252717 251712
5 306669 297545 301083 300381 300201 303040 307165 297687 299671 307370
6 355919 362445 353961 361211 358666 362126 360130 364102 361889 360349
7 428857 428737 423918 422019 438321 438518 438340 433369 436074 433209
8 503983 500249 512631 497504 496165 506588 498277 503324 504087 499898

