10
1 7854 7795 7463 8631 7615 8755 8458 8002 8009 7728
2 16456 16334 16443 16378 16458 16310 16383 16409 16462 16451
3 25970 25473 25609 25711 25689 27036 26349 26716 25919 25688
4 36408 35404 36397 36304 35683 35932 35618 35664 36340 35898
5 56702 57613 56571 56737 57326 57243 56825 57276 58609 57272
6 84810 83926 84668 82335 84137 85571 82374 86296 87011 80482
7 115361 114532 114724 114456 114442 115035 114148 114492 114805 114736
8 153636 154368 158468 145840 149502 151379 159585 153813 152760 147044
9 149073 166299 156649 167230 164598 163002 166779 155342 168308 167089
10 172552 166676 175158 163303 166101 160933 170418 169754 163055 166163
11 174267 180184 184171 175295 179844 182727 177920 176004 178260 177096
12 206256 198964 186124 190625 204357 196965 198229 197562 219185 207877
