10
1 8878 7946 8644 8704 7738 8264 7032 7707 6881 6876
2 14896 15034 15821 15270 14851 15281 14994 14999 15097 14670
3 33506 24208 24187 24592 24934 24906 24350 24243 24299 24371
4 35310 35368 35320 35491 35586 35513 35754 36747 43995 35524
5 57840 58945 57281 58367 57144 57861 57328 58734 58518 57364
6 83009 81926 83785 91483 83061 82680 83308 84143 83120 82916
7 108293 107989 107629 106905 107357 107646 107913 107107 107441 107721
8 134799 134699 134608 134910 109521 131451 133677 133425 135315 135744
9 136595 141458 137014 141835 136763 142799 135884 142034 138092 141691
10 150043 146620 145976 149394 147486 151400 143435 146159 148179 152658
11 176912 159391 160618 154916 166164 172269 160975 166430 167359 170748
12 180142 167429 177555 175502 175581 176510 168420 174251 185741 179744
